/**
 * General Information:
 * 	UI version: 1.0
 * Device information:
 * 	Id: mitch_boot
 * 	Hardware Version: 2.0
 * 	Firmware Version: 1.1.0
 * Acquisition Information:
 * 	Mode: MIMU
 * 	Sampling frequency: 100Hz
 * 	Axl_FS: 16g
 * 	Gyro_FS: 2000dps
 * 	Magn_FS: 50Gauss
 * 	DS1_FS: 0mm
 * 	DS1_Offset: 33mm
 * 	DS2_FS: 0mm
 * 	DS2_Offset: 33mm
 */
Timestamp	Acc.X	Acc.Y	Acc.Z	Gyro.X	Gyro.Y	Gyro.Z	Magn.X	Magn.Y	Magn.Z	Distance.1	Distance.2	P.0	P.1	P.2	P.3	P.4	P.5	P.6	P.7	P.8	P.9	P.10	P.11	P.12	P.13	P.14	P.15
(ms)	(mG)	(mG)	(mG)	(dps)	(dps)	(dps)	(mGauss)	(mGauss)	(mGauss)	(mm)	(mm)	(V)	(V)	(V)	(V)	(V)	(V)	(V)	(V)	(V)	(V)	(V)	(V)	(V)	(V)	(V)	(V)
1651053504016	149.816	-74.664	953.552	-4.48	0.42	0	27	-507	-469.5	0	0	0	0	0	0	0	0	0	0	0	0	0	0	0	0	0	0
109213858440776506	-77.104	921.832	-113.704	11.62	14.49	-8.12	-261	-652.5	1233	0	0	0	0	0	0	0	0	0	0	0	0	0	0	0	0	0	0
18384260618232045568	985.76	-69.784	225.456	24.71	-7.77	-12.04	-652.5	1228.5	7680	0	0	0	0	0	0	0	0	0	0	0	0	0	0	0	0	0	0
18418597730707211737	-83.448	-214.232	399.672	268.8	0.21	75.04	184.5	3336	-787.5	0	0	0	0	0	0	0	0	0	0	0	0	0	0	0	0	0	0
18430706562074712320	931.592	-168.36	144.448	-51.59	-6.79	-11.76	-657	1228.5	6144	0	0	0	0	0	0	0	0	0	0	0	0	0	0	0	0	0	0
18431827084605950708	-259.616	403.088	499.712	0.21	0.63	-93.73	2928	-2143.5	1090.5	0	0	0	0	0	0	0	0	0	0	0	0	0	0	0	0	0	0
18434641082831635903	-14.64	-262.544	409.92	2060.8	0.21	25.27	-2104.5	2262	-907.5	0	0	0	0	0	0	0	0	0	0	0	0	0	0	0	0	0	0
18438301198105610282	-261.08	408.944	14741.5	0.21	24.57	-98.21	2251.5	-795	94.5	0	0	0	0	0	0	0	0	0	0	0	0	0	0	0	0	0	0
18446181376504071200	-15.128	-258.152	400.648	-2096.64	0.21	33.04	-2448	1966.5	-1432.5	0	0	0	0	0	0	0	0	0	0	0	0	0	0	0	0	0	0
18446739786563947042	2.928	2.44	29.28	12.25	2.73	55.93	-7680	3	771	0	0	0	0	0	0	0	0	0	0	0	0	0	0	0	0	0	0
18446739795155585532	19.52	33.672	28.792	12.11	2.73	57.19	-9216	3	735	0	0	0	0	0	0	0	0	0	0	0	0	0	0	0	0	0	0
