/**
 * General Information:
 * 	UI version: 1.0
 * Device information:
 * 	Id: mitch_boot
 * 	Hardware Version: 2.0
 * 	Firmware Version: 1.1.0
 * Acquisition Information:
 * 	Mode: MIMU
 * 	Sampling frequency: 100Hz
 * 	Axl_FS: 16g
 * 	Gyro_FS: 2000dps
 * 	Magn_FS: 50Gauss
 * 	DS1_FS: 0mm
 * 	DS1_Offset: 33mm
 * 	DS2_FS: 0mm
 * 	DS2_Offset: 33mm
 */
Timestamp	Acc.X	Acc.Y	Acc.Z	Gyro.X	Gyro.Y	Gyro.Z	Magn.X	Magn.Y	Magn.Z	Distance.1	Distance.2	P.0	P.1	P.2	P.3	P.4	P.5	P.6	P.7	P.8	P.9	P.10	P.11	P.12	P.13	P.14	P.15
(ms)	(mG)	(mG)	(mG)	(dps)	(dps)	(dps)	(mGauss)	(mGauss)	(mGauss)	(mm)	(mm)	(V)	(V)	(V)	(V)	(V)	(V)	(V)	(V)	(V)	(V)	(V)	(V)	(V)	(V)	(V)	(V)
1651053504016	382.592	679.296	701.744	-4.48	0.42	0	-3	-496.5	-459	0	0	0	0	0	0	0	0	0	0	0	0	0	0	0	0	0	0
197034055100387487	588.04	713.456	142.008	-11.2	12.67	-9.8	-255	-642	1651.5	0	0	0	0	0	0	0	0	0	0	0	0	0	0	0	0	0	0
405608816612044032	576.328	314.76	-83.936	6.3	-9.66	-11.97	-643.5	1636.5	-10752	0	0	0	0	0	0	0	0	0	0	0	0	0	0	0	0	0	0
18405368376802774320	58.072	-67.344	-81.984	-29.75	77	-537.6	4.5	1009.5	2001	0	0	0	0	0	0	0	0	0	0	0	0	0	0	0	0	0	0
18408184599674062451	-81.984	-204.472	537.776	-663.04	0.21	52.78	1804.5	1777.5	-598.5	0	0	0	0	0	0	0	0	0	0	0	0	0	0	0	0	0	0
18411004722529602684	14.64	118.584	-59.536	-11.97	-29.75	76.79	-13056	4.5	1687.5	0	0	0	0	0	0	0	0	0	0	0	0	0	0	0	0	0	0
18441678558641425545	112.24	-58.56	-82.96	-29.68	76.51	-448	4.5	1654.5	1846.5	0	0	0	0	0	0	0	0	0	0	0	0	0	0	0	0	0	0
18441686869215381507	36.112	-70.76	106.384	-32.27	14.56	-7.49	1642.5	31872	4.5	0	0	0	0	0	0	0	0	0	0	0	0	0	0	0	0	0	0
18446183163187662440	-58.56	-223.992	101.992	-7.07	78.89	2257.92	4.5	-2037	2302.5	0	0	0	0	0	0	0	0	0	0	0	0	0	0	0	0	0	0
18446471140676831262	-59.536	8.296	-9.272	-34.58	10.92	-8.12	13441.5	8064	52.5	0	0	0	0	0	0	0	0	0	0	0	0	0	0	0	0	0	0
